$ANSIBLE_VAULT;1.1;AES256
36616339333433643131623930373932323530646134303964646237363233643563313831393234
6538383731303836646434393465326636313534353163380a336438356638636563613862343233
64626334353430326230663737353239666537306166643737653833643235343965376236373933
3362313836333736620a326139393161353338643038613536313232323435386435633662656631
61383338616535303534633331343637383662376162353239376163656432396239666264373363
32623965646263663732386563356131326465646234656636393961336234336566636335353138
32653537613931356366376537643165356139316665393133613665663566373061336564376230
38363031336638616636626531346162346664636465343330373766633832383935666435333035
36646130323632396365633165303139646263316538353132373734313733653233633965613039
64623766363566313938353937653262323661343433643861613965333536336131623536643430
38336666323163373564323434396538363132333738343261396436393039386330326263616336
36633063336263656537303866333561663431393731306166346631303565316365316664613237
33653863663634666137333336623335313764626663383463313064323837313439373234636632
65323561636166646561376162653331383934626665646431626637343431336436313133393436
66326533333934333530313934363064336234653264366463656632346237356437626534356334
64643635616535346366626333346562383161313063633131643332633432653063376439663162
35323036623634326465666264663537313131393665313034393433363364653236386233633063
38353739626430633966336132303734636561373830386239303261663639363562366538666361
37643434396434366139346437616663633738666433373633366133656539356361626130653162
33626436643030353362396632643833633936616638386539333034373632323132653438663036
37656332363835613933376264626330666630343961393038643564366334366335616566393239
38313337316237626531343661316563663765346464336233383238373166323633633833633734
62346331626265326335303730356166616564383037333237643733366635613865393963636435
38343638316339643531363066386239343262656537663464393862363338393430363334653862
36343830623238626161356265333535646231323932623365666335386630313732326338306131
63376139346138326663373231333339373133343537333833353630303536633132343038626664
36653463653062376233303338316566316237663861653530326339666565663166373431383064
36373138393333313433353866343332323366306365616638663935383034323333323836323937
34316238343666643534646166636532313734633765383532666265323861326439333835653039
64353336653730303766343331376164333337363336306139383963663163366266643838396261
34363163653039303733373331363231623939366663643064333736306234653330653532303765
64656664343930643330643435303566303839363835623262303337623935316130333463353430
30343462633330616336656366326331633634346162356134396165306265313133653962343639
65663033386263376631393262386535363261613365323234653561333362383534393637383930
38326262343735383132323036356534623836343465376163353932316336656138633263656236
66313334396634656132346163656663393831306335656530353336343161343766666232356130
33336465663030303664383965326635346533303331303131616131313130653839373931326438
38623963643064346431663738323765613064663739633437363138316662373437396262363239
34393734356432313538316330376235303635656434613532366464663565303234366130316438
37333435643162653838323938626463623864346362343864643435646634613339366466343131
35633561336234333438346237363839643336613433663665386435643164333464313134323832
66346137616630316634626331656439353932396632653830343161313033656437656464663031
39666335336334663561616238663234366333346166336338323262326230313534656334656331
38643832323736653063623466363562613834383135363434336362613839313264393933616633
65313538313436653264386431653632303563616631373833316463356537323535613039623831
35653039623838343538656531356330653661316564313965303531353932363763303165346461
31313630323130653138653461353437306237373562343934633731383165316539353039616566
39393836616133373332613937653536656238613436633861643336323266653037376562613336
64663862363035373134363039316433623431396266356462343938656565336237343936336335
39343538366336616366656538393431356262366566656535393337666432333037636666353132
30666566643335366136303563323236333064373062323463336162333439623238306262323065
32393734653862386461663938653439646631626566396239373433663532653266663639323339
34306466306164376634613061613462633062373638313262326163626230396630616338336265
33333637373863386362633161333333663265353039393933383362623832326633653864633466
36316139326530363562633934616237653865396532343930636134383131626562636363323464
36633638356430386538383336316666353866366339323162643461363830303538613662663932
64306132633062633130346436626565643532313030326131393666613832383561353634383564
64653164666433363336646239333738323662356562353438366566336134343238623436636165
64626464653665666433336362303163663266323265643236303565353930353361663364363233
62323234663631623562613331663966353233383066633733336230376532316336363866626162
35643432653939653238366564366134663631613638336464303931393736646566333165613365
62636665653962623735653864333461306236653963373565653032366663336563313966333835
63333334316366646136373930353139366363333837626264353930396330376630313330323564
63623963653133376365363062613831386230386665653336633530623965633632306636656230
64663965363436333862386332353765646535643736643337346432646230323839393361666533
65363936326432656663313139326362623361626663313833646565376133313963383836613565
66613864316266366633336230373131363333366334316639313739363962346465353136366538
36613563393062613839383366613362623639326430363435373361303366326665386266636431
39393761663233383236366163313965666666666465643534323035396637613361333135363531
65643931613637303662366265313365333831636336363561633030316363343630623736633538
65303264333433363636363735376632653230326430313438393137326337363539623631646165
34303061643232343135353563333066613332376635363138393466626138396562306136393431
61373136663035643434336532633134346163656435373861656535636433613237653066663933
34343739316562613933626136353066626462663866303030383961343032666566376361653139
38316661383562323830353362363334383930343539323836666537386632383037326537303835
64353262326532643562366562646236343861666138323233623435336436633235313362326231
31663561646637323764353639653035353339306439653736623662646635666532356365393664
30633537613135396562343332396263313763303834393838326439623131346135346536306433
39643366363133666234663235613634336266363663383133343530353239303538396337613564
65653364623363303065336265303935316166396462633265646331646533656332393661376238
39333534376564626136626663303937633030636464383664346466663533396336383031343731
63393162386437623435343230363730626332386130323335323831353530646234656662303661
34373633666430666231613762383633663039346639333034356334306638396632366463643064
30633737353537633065633031323037346263366132386339306161353830616165366231663762
30346237643261643439396234353337393730373932653431653136386266303430613437383961
31393837303035353133326266316665646261383932393666636261653339626165623330393330
33666561356236623464623064373964313938373764656139666530386638653365313365653066
36653262396636346666303736376532343936613734313033316164653136656165383662626533
32306362356530653363323439646133333632646136393236663534386133666637663266333235
62366232633937343430663365373565326636636461626639383934636364383831333038336535
34333733306532333066336566376461663730646136666336303435386563323739663934383461
61663735396631623837313736636135383730646137303165613233313061663935326434366362
61613239326537363562393866333234613632616439333036336236353165643966316535646434
34363066363036373161646332366637356237626263613761313135333833353665653063333163
35396562356262643234333934336464366361333862646136366462663432616633633666353465
65376338303165333231656532623636366530383432613138623461346236376333613735626166
64326530333437376662323633633932306332376539363862396337353836356239333638626266
38663434663366373766393164303166356564373366373439643338306564626435613238333563
35336533623237613230356362363439313039303935343436646337333835396637626662383537
61336137343936653134663663393965396262343037623965663666353365356232373832656430
31343464626263393463616534333261386634373533336537646166653366303965333038373637
36393339386538316366353964356530373162313062343338663430326538656331323632376130
30373037653932666532653966343964636231313538653032616635373337396233643735343863
61663036346664303933393463386135386365326436616663386531633539373035313762623937
33376165653464633038386230333839393134343266633362313662303432346261343661396461
32383861313436316232336662646630303134343133336631303664336335613566313733653263
31346162643666393765353565623664396239613265373035653831386433373661326164386133
61643866653734383633323263363437376364646631613832343766306266626237303764623635
33633833326635393235336631663964663266386636316636313938653736643535343830303333
65313138343431613063376536373436323565366161396263386532393561323561363339336330
35303161626564666138666263316236646561346131333832643664663962333335386330343239
62623666666566303139653831663465353638333261623566633739353766313035363764363232
65303732326634313230333736303161653861353932336138393131373231386562386663616364
34616538393930373062383632346131396335306466353333343236383034373232343232343339
64316666333135356239333233356239626165636137323736373335386239393530343362373434
33613135306534343764336533316137613232366436646332633936653731343065326262396661
33643632626432623366616136396231353465383939363931333433653237666665323139633539
37353438333966636665633433663464336438373161316238663864393334363432623334343430
63656464323633333666303437396365323131326166306235626666333039656437313033303738
31323738616262346164643338383136386433323264623839616230346261346462383734656566
39653933303666333839306336316533316337313761656261316139323232383031336433346631
34333836643332353362313465343062313931373033653162306236366334393535323332346135
62653239323139313033323063343966656536313564613637376561333263646636316630313361
64396565633736336230626266386264356661663562623239303638343862393162623632616264
30393964666130303263663865366562306530303438373535383361373037623036323939633135
36386464616263643665656533376665653863313964393231633939313130643437343438326639
66396265636637373039633364633537383732363533373262336435353234653436356537373439
63653835383466353432303536666434613533613639393637646565376166343135396534363361
66373061386632316432316532646563393363346165343961343035373630353737636161323132
66383464373937386334353838316431333462336534353039316465373535313161396665646131
30616537373462613961383339643564353964653863323064373338333533353430376136633332
65366233383431343631306666343766353361663939633135666236623830643430326561366464
37363132366262656365633662356430616432323138333735626465373961656233333866393332
39333637313863346136396362636634393463383461396661626166306334383235613032323161
34633935343335386538623561653834353835383135336531393164663334643133326463626664
39333639393236376338316238666438303866626332373136326261636430386135333732633530
65643638323961393561343630383433376231333964316165383731376335633636633465613037
30313463363862376237326363376537623233363264356435356261376666353561656135366537
34613838366565346662616639353762636437323666336561326230373863646135383264376639
62383536316533386130626335393563643863616536383064646538366534633530323566313630
31336530666266353863396533303865633966373936386431623131383936613336346264626666
38613666366533633862383038306435393634316461343231386538333135653136343064643936
30623266326431306261326131353163653666386434613662306630323131666133373063396431
37626431383632313361316339663035303935303236373534313239326364633933383937613138
39643762346263346666313466643930343665643531333366386338343663613431316262343266
33393036633563303230326564666538353639326133653766336639326433656434323962353566
63653363656337623739653863376133336261616238613861663565663334393564313538323936
61393865663236613664333838303963363061386564343538356364643932636165633133393535
31313331353535393932336134633866336237393034313739333463343565376266313636656533
63353663346565343966643938313236613034653764633034376265383039383964613433663639
64376465363865663030333237623835366561613730393163613937336335643032636336656164
36663064343765343965363932353535356135633462306633373939353365613132386235633533
37393131376334666462636465313639323063313438653736313431323632383964316237663064
33303830323565336437653361613434373033313135353333623966336237613636316663363063
63356361656331656463633932346136356533326464353665653562363236383639643233316438
36633961656238343639376534323163393361333963333765373964323834333034313538353066
64613238613962643261356637383065393532656132313436376362623864333163323632313866
31653838613437666565383461343363613634316331613635396331313733366664643131303631
66643166313138616437653733343535353863366161336538333262323464636539636363393736
34346535663162656537393831376233626630366439626634643739613231386434383562346436
37383161666134326331333866613936383966326534303337373135616566626138393861373130
35623032353161333631363136353338386162353264653832626239613865613362386530623261
64303162623034653664333463656266333532336166623736663962373335613338313332653466
34343039623061656262333639363038333338623533323039303363643135656536363438316461
30613162393233313631623639316562623230666565613835646535363366666239613735303834
62666637333534353131633132613337333163616263363830376532316366356134656631653130
36633935383662333464633236633032393733333366663139623232653732613661353966333866
37386562363133333033333366633465663461643439366662303765653730623863366362313039
33343162633537373130383631366435366630386437653834663763376639656163623562306636
65343634323639636635613466636432373639313861393834313062303337613733316434623533
63646235316564346336636166393236623765396536616362643566303562376633323565303261
62653535656437643063336431663137303664636662306237336338653637643134333938633238
61366135366436306135363665643532636265663562646639333631646632323866376230356530
30303630386463306335383935613939663836623232316661646162383638633831326135323238
65393630333737663735323830333835643434633561373561323162383464643436366435616532
38626136323033363233363663396537373663653139663062663131386366366431616139346631
33626637306134663938383534386366636165373631613561623635386364393233373432613062
30643333643530613839643132643638373265653335313033393734646134666532646533393935
34363633616664326265303563376663646138363662333438326235333337343537336336386337
34333637623363306664353535623938326130306333646139373139316338643366353239623566
39353663636539346535613635323763363730616333323239306539383632373234363734633963
66376434396461316336633936303733323163313336326263383066383935376335313963633134
34663365383235333936393537643239333634616439336537356435333866386137623030366532
31643337636566303433633766386334363964306138383030336130393762353566343862326663
64343639396264363331336533343236353861353738376637346536356633653330623034366638
33613461613463663136393538613037383964336636346137613162316339653630353865343430
35303634373461303366333039303263343634383831393835366434313636326662303762343061
38643765623236656361636665346666313961386135343133336532666636323036303261356539
64393365643964373833616137383134656164363662363533653266353138376365663031323637
64323133393931353235333238623237306264643862386132653266633132633262643562643430
63316438333639303131663836396465656433356138633365336132316439343932363230636639
39376335393637316130633738623462646566633233373037393865643264663832653566356261
64333039646162333832663239363536323363363461656337393138313230393238363131313734
65363134363863313361323261373335636238623238366437613561303037343435343339383361
31626230366436346366346539363539663435636233663064656531323236623066663937366433
32616133653462656334653462626538656435363831366361663265313437383737306638666438
66303639373261343737343233613565653065343838313662613432373464313664396633636466
65393139663432333832616232363538383230346464323063373832623966376561386434353939
31303963313232646464613961643131613763616231333563663265653666353231636238323566
61653166623538633462343337653638356134626266313339376564663030643664663561623534
37626134646535336338363961643939373739323837366130623131323735613337393762376462
32643538666161663737623630336466616535656532363536636538346438623561356330336261
39323030666562653039343432623361326563663364613032323538613061616133636234623736
64383264336430303233323834386265303630386535353837313233343764623031633038666265
65383839626561396466633065363966626435393535646633633562316136306362613937636433
36633062306665633039636162376530343765643036306362393031653465663331393735393335
63633736373437366435613461396538323265646633363961633661626561326466653837303939
37313261613336393231643561303132396164323937626265663530663836313661373935636132
66323730666562346135626233663162343339336232353734393061343239633832373532386464
30356363633935313433383238323034386632343364393937363937326261393430316465636338
62323861646634623732613634393239346364323432363532666636636433346439303966656166
35613661313630643739363532653863353831353039626335303832636639366232316465313264
61316530666437393263623966386266333365373630663066316434623133626666623335326666
33353663353138663062643062373364613438363339346366333664353934666532653931323831
39353832356564343837303031303735313065363230336332306364393933613462326637343930
34383138333034396564663861323835323136356235313364343534313933346434343962633866
38616463653065366263326338373632616466366166303964353436326361356163383861346636
66613366383933303263626464333936623934613133373763356539316336643165333539306436
66613330366565396235643461663163326134633263653337653336333935653335636234303231
32303539306534336166383339613530393535323931636632303663303636396663396334346137
31313530333938393633303938626166356262346536613438313862643336653137303639636564
31353965306166626462613061653233313865616561313032313132646534346635313533663236
66623761326164666539643030386265306364636437386264366161313835626130616638313264
62356238383733373339666333333866633766383466633734356631643966336635633264313165
37373433373961356239333635393665383265316466313337653263373161613662643663643932
63336463363566343032623037656266353430363831636564306536343865643339313264666337
35333930333366393939626263646166393063613762343630343034373633633136373538303033
32663036326137356430306465316139633761656564343330336665323961396161393037373065
61386538633661323637663633346563393933376638343734633266323735306130626335333736
36373135323630396439613863643936356139366439643034626632376532356664306262656564
63386362653762323530373535623737313732663562326438366433633635626165333466643161
65346635393734346466376337376163313435376566396531623632343964383636323136316363
61646264656638666537333836393138633365333434373562336231363333633138323336653762
62666662396166336238363531656663346464343835666634323438653265663738356262643430
30653362396433343436313830343066633335626334383637376264336133353137356636386139
66643337663431613436393237356464393936333439643563353862363361636466643735613266
30616136393663646637663638633366623837303130343463643533373961366164666332663238
61343937396530636233386539373264623438636639653133646463383534643064613263663733
64333933366232306162366465323861636135373438356638336239356136666264623265393138
30666333376531393032643438383538333065666239656635666230616161663661643632353361
64363662386234376662323539323436373239316331393631383965366330353166343634616465
35326237333365343938383961623430343134363062396262653539303962313833346536353464
35303631346333643436316338633933633430616165636530373663393463613564623863656236
32323137396332633064303965633133646538326130356465353832326165646362303238363764
61306662306161366136373333356162653238633738326139333339643662653039306166363933
65376333353537636133623461333161396361623438306331393465396562623931613531396565
65666239376261306361633364643032343463666631383865303965363766366330306530323039
65376630626263643236326537383737323861656266313063643732323531353264356135633733
38666630366164353766353138656638646533666535663831383730613537326139393061626332
32346265613530383534326336646163316166656364656635613862353963626633623362613332
30393662333364323565666565663531383731653831643962373637643334303963616432653765
62656634613634373132343561383936313663623763353238323466303835313764643638373231
64626430303462663832613138653633313932656164633665343961636564616438326138646162
35646139613763313631383334643633626561383232333335363230363662363131343635303161
37613739353338613032643131303765346662383939303061343766336438356130393466666337
38633731666231376439353763346639396632353632383234616138666630353335623463663462
38666630366238356265323035633335663564326135303530626137346462313066643733386438
39653062323432666562616465626539623562656363323139663539396630643462643564346261
35303238646266326136613536346465333639343861376138343638313737646134363930623631
38353866643336643437316361303537386161346435623565623433393833313931363065306333
35336134323337656139336461393133623064313234303431356631393939323934636163303832
39376233653266663862613431623761336434303264336162363764353835333239396164653439
66663033343162636436353739613338373163343730323765373532636665316431613362386335
62323537333634643263363534383564316165653763666638656263633836613834626631366139
61333837643831643364316234363864623233333333363133633336386632643733306330636234
38333562323064653737626466353538386365313466376335633535376630343135393537313537
65393366393139343535396363613836303162346432316666393934373437616135643966623063
38376161653361333864663362363731646238356166653837656438373664613763343036373630
61373035306364353363363936336562363531313839393463383835373530613363323761303332
39393061663663623564316334616135356265613730313535636462386431383230333331316664
38323534313635396665366332303462626664613330633835663435366166656434393138656361
38646165643762643534363666363237333736366364643361373434613965306236613139363565
30633136396332663565626631363830323339653739383939336135613064626565633230643838
33363864666637346137333736353033393361396261666266326238326535623637346431306534
39346266666231666161336436356530613035396332386638363535623764306336303036333266
36393265653133643934626266643033643730623536376364383264396433353832393131633135
64623564386437373364393463626363666434613531363533623766656365663030616538646434
63326365656432343239633034633061383761303764646335626461373330366365613739613835
64636263656630646430633434613038653463633137313161303933636661386130306466656335
61636162666162343536353830633662613062343265396437613431366165366662303265306431
66666665373164643539303237303033653338303531396135643334633437393734336666623034
66663766353439316662633238623833383637333731613061396532366231313431373930393864
35366138346163373037393237636532373561346664383134373031336466623131333636346134
61343931363863393335373534366463393335336366303266306634643732336237333661313865
32323266313063353261326333326239323934333337636130356437343866343361353264373335
30303666616335316132336332646437626235383433316539396461383131303533656231306263
31363731613231323234653234326261666663306364346663303763386633343530373433633635
37323834333865393164306366623439666538383161663062393863613837373938366430386331
65306161346561623736356232636334323062373366383065626331376233626234353830333363
36636636643631393065303865303663373531393066613762373331623336393936343635346533
36623466343465663335393433303764376530366465636466393531383537396237313865393630
65383561333334623732656330346231623531643130346265353636623432633933316565393063
62633564656632326631343963356231653139666563653335666561313731393864636338316662
61636138323636376338303837636338373236653934393836306661636664616530626537613433
62656439343234346163306563303961326438626139383434653535363736636562616461383931
64386563613531633931396533663663636234333162636562656132373030653064383339343866
63306432343266303563653234336534626466613532343366653036623135643236353433346233
34333865333962323762316230343163323836393030303662393730326263663562323531633530
32643437386334643331663563373232373463303234373031613331336433393632343039653937
32663134623338383661336339353435353666346462616432323539323431313130663332333538
64303966336233663138363232333938373161656138633563336436666364663836346536346564
39626331636233663663333034613334326336663361623330393063656236653530613730616566
31623738346562353232656237616666326662373162313262626666363466316539346332626630
64626362313066366164343465323734393066386230393435353632626465316135343239343333
33326435306634323139623738313934323032636263343731303331393461656637366431653134
65306630353166313133643334653065366331353637663464363564663664386332613830333236
62383166356533653965303162303731326437656663313636393038323735633164306664346131
38356164373132313566663035343136613764326663383636313962653931343939346631373662
30666539396631363566623137663839383965646439376665376534353439306164383432333463
30353338646163353633303631396537366232386261306136366661613936356430333130366366
32616138306330336230386135353931396432313533376561353238303931633561383235303335
34313139663239643532
