$ANSIBLE_VAULT;1.1;AES256
35643136303733383365333062613961393466386436643030356633336662366430636139393830
6561656563376563356239333439326163316562343564330a356433643336643464626537393330
33653665386661353961336530323634386330336633363637643232323836363931633863303338
6364356166396164350a333339666466396436396137613164653065303233303966366365656438
35653431666131643762623331356536653666323939313136643565306261643464343930373733
35643534373438643263666262363466643936373364626134636261313536616465313436356433
63323864626635613933386465306134623230366363626366373462636263346636323336623766
38343662356339623736666338663465366533396263343539303835616139353563646530633233
32623738336632666232333937313862376332623133663764353339666464623564363437356464
33373837363038383534643838643434393761313264663265633764353461643163393165623461
31323261323465313337333233626636613835383130313134323364396134366232336562336563
39653261323235663162373166326664666564663733383939623462373130636532333066616365
66333134323731333934383564393231373331663364373133376130613262323835396135346339
33646334663633316165383062373866333338353165353831613731396463613561323833313133
39303030313065373539363161626563623638366130663935636233363035653332363031323364
61643433376332353539316139323430386337643433333366353362373063353831616331396536
39313331663032396264346439653933666139323837373230633232373134636537383332306661
31623631306430663961613833643031323430326664393436653566323639666463666664623130
36396137353165356339623531313365383961623233633531623863336433643433383738616236
63326533326136643234653634656263643038363637373066643438303465323730636536653834
6137
