$ANSIBLE_VAULT;1.1;AES256
64613835343233346465646535636537636334636330313533343439383638633832646164393462
3163396331633837323863653230616233376464363438310a633538646634386630666635326665
62386134356638633833303432653936363461363932636538626334373135366366303564393265
3631323930306637360a313738313761663633316437383837353230306239303933373634366261
35626164316436326664373739376235386337663261333762353865353066363564316437643635
37633835383266303938613163393566646666623764616538653933326336626237333830316233
64653734623866363737616238313332633166303331343230623836333630326338643764633732
66306162636639643961656434383134373239356539356138316665376432393434626566386164
61303433633235303533653936633466663465346538396636663065626539373461373762616536
36353261363865383365656336376563376365626561396637396433383938663832386464303836
61396438363838626264356566333035323635383865366138623263306464333334336363333530
62366631623237326234613938383637623330393962613337383165623832306437386138313835
61646439646332376165323661653662323332393334646665313666336565313963623763653961
64646635383636623831656466666565393437313434636530616162616337323730633463353934
31343166373266343334346436373636646461363436653135616232396462303261353934336532
35366434353563636239356338643233646236386365353434623036333037653535656635343263
36643434656261353935613964663661643933386262313936356530363633373437666331363831
65336463303230323534626634353033636662613962346531633035386536356464343961303937
35313838396539663233663362626364393463326362626138326133336461333530653561343138
35393837386466343464633562353336663031343431336136336430356633373233363665653034
64666135623362303936366561326464343162333732656462356638646462633065653837333937
62376436613662653731343861653065316133393663306266303339363334336465313563343734
63336234346265393830643432643135646462343035343534646435393562386231393761363231
38663961613530643330373539396333653937383138366137316437393431383639306137633236
35343562393236326336623634636630323136626263633937396361616232613230613131646533
64333862303433313330323735326261616262353034326433656462306461633837363461383764
31343931353661366633636239326566303632656565623662343734643230633831383932633838
66323035636633333231373839656133376535363461653934636134633665656132303930663662
38653738643036383738653865366466316530653564636632646431656662346165626435666564
62623532613463613339323133663665373466316162383461653864356562393066386164643161
66393030633438613366646466616437356164346461303663303139666430323230363532623063
36613563633330313136376634383236303862393733313537383239653063343939643133373836
38383635626531363361333430346562396638396538313535346139313233393534346361643436
36666330323339623864323335303539623462363930353630303335393462323031303939666264
34353061386362353937663263623539303933396564396530393131353339393562306233636630
39663466316638346561653937653666653261343963616463653566666539366632613165663038
63343536316636656661316566353864626664363662393863393336643431643761303336616632
33616538616132613632336636656234343035303434613166383934343262323565366265643564
31393934353364663238623434656333656133346335393239626438356638616630303930356239
37613031633831373366646638643332663837346331383434353561623866303564356461393637
64663666316465623465363638623465373235323032313233373563346630393764613266393032
65616263393838633439383866643038663438653561636332373037653732623962343737353333
62303839366264353165383833336431333732383833363932633364633634363535313139633933
66633636666265306133383436626462303734303733353439376332643136636166313633616535
33306437373462613830356530363834396165613837313539306633336335313636366164313834
61643337373537623132346564323535653662333836383439616636366335643631626164623033
61363038653332333035353438613866333233303562343261323662656339326433386239613630
65353630366630393230373132363437323137373534336435663135316639653661306364326633
63366339613935636631386130636661393463336234613430393565346661363938306564316134
39383834666463386237356531346264313763343432633062393763376430343132346665356335
33316364316536646130656536343935653338663530353830646434616165626633353366333030
65396234363265636530323530383838333162393664313064366632663566613730323731636264
39643334393838643566386434363166346565376136316331383532626562643932353865396533
30623965313235636439366332353364343832356566666530303438653165393639613938626465
31643966613237313133306137636135303965656633393836613336333161316465643234313030
63623035623133376366326365306265613532653939626435353463623533386434643339663464
64313932303736316630303664323239356164336236366463326239343864333434633734336131
32303430383766306339363135363832366433366531326631373930393733313530613932373165
33613761633066613931336535646361363065303736303235646132316664346235653965626632
65633133363636626139383636313239643732643761666366663565363061383932623732663665
39336538623064616661636632363434376239666135663765353865343832646435353937353431
31653164363839366330313463303362643665333730616637643436356432613732633531356633
30646430336162323930346638363463663339313935373838666339383337353831303133346362
66336130653639366433333361343132666237636266663234373764346664326366303737366137
39396364663161343734663933643438383139376236393761633131343061336664633931613530
38653636636137393931373333663035616434343536366630383765616261663263643036343861
38616631346230626538366136333934383239663434316138333732356139343264633665346436
34346165303666333964633232633165343362663565656139303333356537356663393539666566
66353134306339666638653761613034643536313535653035393263653938633439663730343330
34643936663930353032323236396332323335386633636238633563363137333939393236393164
33623632356432633234616237343133333133616130643636633365383637653265386338623463
61313165656238653364643161653363326437633038353863666536633437643631636339653630
66306239613631363932613937666237623931366439393864656436303438313238373966326231
38313463323133336332623464373665663332316362306433343665656235336437636532373364
32343565363730323331376630383238613034376232333161356233376132363834303836643462
36336664383362323934376533393461353333363434373164326536623666306234373034346439
31373534653639336464333563356437353132653133316331666434636230313139663764663463
63353765336632383365353334363433646533643339373933353835656339626335383034346465
30383861376539643266353031643961656662613830363633303239636332663263656534343662
36313064643233633265353737663030616661633865663265376232323030663030666463653661
35653630343338343035656234663631616663316331643830393365313430616333393866633336
64306631666133343635376132316530396461386234303664383733346363373132366565393465
63383739393030616438613862643138326632646632303737343837346130326339363661376361
34336633303663343466353130346637626464376631313961373332353563393561363065353862
61666532303039373562333664643338663666653639396366346663616632663361333462626539
63623439656233623730393862306264613136383836363962643365376264643231303933313262
35356339656336633366303232326366326335376138613534363036363238323134346363396136
35346365626230636636306164323436316333376332333933333166396637356335616531383266
62376239396230383631663636643231313836613862613332323033353735366332663463613037
62616563653964636363393866633933353331363632656562623564323330333436366130623638
62633464623135326633386261653430306137613338666337663936303631616137393862393364
33383564396634373766323439643064656138373365666632396463306339653837356337373766
36643766366330306264316261663630633031303231386137613162393233656235373430316163
61373335353363353338383038626261346333353935616264353166306339623634666131333037
36663636366433653463343137316263323435333738326666376538346337616339336130643564
38356666396136663339396635346239663730386430393433306264633162663833323265383130
62386166363665313862616163323736363565303262353066303533666330353931313038666633
62626364663562363666626635343333306363616433336231383333383131346139363263316233
62303537623637346336313665653532663265373461613763663539333231663136616265373130
31396634646366636462323438396232336137643161383663366631306238633663643062393666
38616237363734376163646266333833303039623136616138613638633864356662306664336166
37653339363961383763613662326163643963343366663530383330383031346638623563343036
62303137393030363239336261396563386138393364333765333338303635623565633039646432
32623434363636333133616439643933636366343637306234323535313830323462366633363365
38623461356339383363306533323333393765306363373332386365616433343564626337636164
30623965643036303935326432373638653265636438376363626266393130646161376539383230
61623965303264353034343737663335366238663362633465313537623861663635333362313365
64303039613264353239383134326164313636643635333837326662343364653430636330663235
35363135366134653964383431386264313462666639653137656336313731323463313735393764
39363732363436633032316530396635303534653961663236663761373339363333323531313839
62666330373934613861636133386338643461333461313437666635376335323538363030616534
39373433396133663438636634363334613264653364333437613234356130313366313033626334
35306666373063306536646632366338643766613238386562396566646164373437313433336335
62353162626264336261323230323635343639316666373265386561363237356465633639363931
30663430353333666264396665333338306532663339313533626261336337666434653637636632
30323737343737353133303962633534633064306634633431396563373139333137363837613139
66663462383566616365636138313265313865623166356537653032323463653832333237383963
35656232313062656233393239303361343835626334393538653236376661666331343664343263
36666661313330383830353534346338393363343230623564353135663236626235386563323435
39343566663465363462386361623032666466326465376666316431653233346166383135613636
31303965623364353431663461363131663234353637633930383530343138363566373266613566
32316334373366366134343837623565333533653634333833393734633636303839356465643738
36666563613436323362623866396336323235666162643262316666393564303435353134333130
39373864303234663065323665666662333331613639626161373938626234326434363234373265
36343532303233373265643436393336346661636566633262353435653332653837656164383561
33663465653666336130636666643232663462343038613434633134383866613435646265393337
66666139613733366438396538333337333061323536303333356165653038656636386439393433
64396635396531343061373265656631376432333437653330306162353663383866666136643961
34653166306164313239613932643865333166633564636661643464666266313532303264623830
65623937653632353061356332373837663365373163613832653437613930366130313132396564
61633338323034353365623237333263383038393361646637646638313536386336666161613831
63633237376664623737663965373164386532313766616339643333333566306336346361366565
66663662623264346131393061326338326663366135313439646664383266393166633063666334
34306164663736616161333432346562613166323638663831656439396133386231386362666165
66306336333335613637626366326134396563313239383763343734386135396534616638643130
32396536613033356539336537313337393735373062663937633634616130646565656638383336
33643339306336343530663461353435323266303333313464303332333939643836313637393432
65663437616439363130636438383430393865633532356161396661356533623533613761383465
39626432303437316461383062346131356236373333623731333137663630623938336562396231
33323932613633616630343936356134616564376632326534336432663530653832623961326364
34313963376631316263633535616637333538613539363938393133653734646536626538366132
36336537303338633263363436636263363963393562353238326533313162393939646166633438
65636139353562613437343864356135353763393861313738316462643832393033363135333763
38366263346333356534376337363731313232373264613761343632326436656566663939646362
37343533346264646633663230383331393263343637623837373930653631303865616435306338
61313331666334633334663963306239376236626562366536633261386230376564333166663037
66663761343835633534646661373634343634636239366339323964656366613761636332303530
39303132363139356261316534343835366566616562386533366635643763313036613737386665
36396132653934323366373162393765373238633563373134636363616563646661356235663134
66666233376130643631653037306438656231343734633962343237376664363935653361386266
64343239346131343462326566613237326431313233303338323032623035306230666635303731
36626434393030633538383931376639376266356234333831393861613861303133393762633765
64343965353964343365623466633366663664623433373163383361613130383632356665663635
65636662666530346563616264373534333537366236323033623563343964616430336438363835
39653563663136353264653139633566633961343764636333373935616134323830613936333262
62323366343631373338383761336261353636653234353434316539626330643032363936633333
62323436646130346262376437393334383535356362613464646363306166306539333766343762
32353964303632636565393030373632303931663839623136613566373834636637616165323934
31666632306162643035336638313461323563326664653730383231353931646538353535313238
36346165663130636262333666653933393433343631643531363038323466663037616130343632
38613933383431353965313762663562633134323336646330386364623336626139346663306661
33376464343131336639643236323762646263666335393932376662363736366635643737333563
34326136663161306231616463396534353230383761646639383236396366666439626562633330
39313031363161666661663538646432306436383034343365346537633630333237356366343661
65663866336539303965323839363539616366643537306565646465373738373133336466333161
61353663626363323333643133633966653033343265323338613961353330366163326563366430
36363666386330346637343337643832373234313237346263303239633663313636663330366565
35623039313666363065333936663165336266353039616530353033336662376561653961343338
32623931333633626233383663653034333636333666326661343334653632643061386665383936
35316130633932353237633534623533313264383335386233383731386362646539363064363337
36323832373834613739623165623133326263646236333031323535373565393330303736613763
66353266356134346134396566343839323633363531346338313939306666313534326665313634
30373037613762326134376539333530666635666632383465396363326333363337393133643739
35646339343239616235396165623662393436636430363031623932626662343135316162646438
33343837373862376135363439336335333065616461663465363266356163613538626534306566
37346161393533663535386433323934346333613765353265646261393162656333623236373733
39643936396535383831666262636338653161383066656566636134393832663464393763666264
34396332633735303038646666343864346563666166363761323263313032363765343938396164
66383931646335653431373361393232356165653364373039366130636566326566333632643934
64343766356537383436646233383532653363326138313565373161646564353465383730303631
61353532386437643333663534643639323337613436643262373931333834303362356637613637
31363339396463653564373732343238636162303830643531643430356130653232636439653261
35636564643332383430626439313231396362323233326535663465643539396530323731636665
39313132306130393661383331303665333732373262323732653263326235316535666165336130
35343530383037313565326236363763653036353531346562646533396534633066353334633661
31633430363265346366313238353836366563653839336261316438316536313531396537326362
65313066383461636531393666633631626162346433306630356666643135633463313564393262
63636162653739666632366431333966353965346231366565666263366538376365316439393032
35633364623738613462343631633066623135336438313331393338633138356536373234633234
64356565653764323764663462313561663132643032353931323430363465663266386436646264
35613765313936666633626438653739306335373466323136393733613233333436373931393234
37306664656333306335333264633662653363346232353062396231663664393764376330346366
34373936653163643833636436346531326434636435393562366431333934346439346437646636
36383466353063333664626331326536386135633931663336306362333036373231623139663338
39363666646565386664333238343537363466633764326231336237643235393966623464346433
61343463356532363636396463363537663866313163633034616134613235376133376531653266
38633961356162373962616563666365363733306133656237626166326239623434
