$ANSIBLE_VAULT;1.1;AES256
38656637616564663564356466326531326562626335376635633836303166663534666462386631
3232656630346634366232363732643462326561383637320a323265653164343137633761633533
32616664313965653436376131313865326531306539343963653632373365333964373935643630
3832336634636130640a386232633731383935663165383931333235663062623132643434393166
39313761646137336362623661376333653630636335626430333039346166633731643563663334
37333734623330316438363033633366616165333433313537373362386330363764363666326261
39636236376136656131333066373033333134383164393334396139653333656532616539323839
38303734663964383530306232646335373765373861613064373565646634613465373861383639
33343062363761623431343338326330646233373734376235323539373731366135303936303761
36366564643761366134303761353264666333393862366366623864393336663237313730643237
65363864336539383763306463353431336562326238653137663262336434326165333232383336
63383430346666386235396163333266316231313036386362616130396166313664333739373632
66303762376530656630643835636630373265326437623864306136333139363266633730373562
38396530373939646461343266626337396566303737636464316430646462373439323562663961
30613261653030656334356139636236636636633530396563306564346132383932613137363361
66396331363935623430303063653835643031373837623366343561366638323937653732373039
33316164353463613364666662353464303065656434623030343534613533393466323335343331
61323337393038336164363130373362633537356236353035666232386336663764663534613964
35363062643534636563653366383765336537653366316632396463643139346334386163313663
64626662633535313262623564636362333232666562373334333737353565613839386461336238
39326362373361393939613431366663646561653663303932633831653030373765616663323431
38616262373161333038383439376363623266613339613937323436343766323438643132613231
65306633623838633965383261623535343638633631383430336638363937356634356431346539
64633434623636616437323132616136396234306662333461646165323036313131663561326237
62376565313039363538343835643339653535333634656535306264623132373266393266613564
35313139343565643139613530386365386165653036613834623431353666363233666163643266
35356463363830643061623332306463383165396362663261336332323931333066646564383237
35393562336330323561326633346438636261643661626334386137623633626638633864366337
37326261373962303431313334326333633865666261323065643638613232626566306332636261
31386161316535616465356362633030643934353030383063656635333262336535383163316162
65623138633932366261333238616563613462333634333132346335643261646632623562363130
35646161343562613262316562333066663363313934656234336465353433383137613366343237
39336234353365303964643334336236653932656464656634613962343338386538386534386337
30643866373836333666633239633630363835653332663235356136323562623530333431373234
65383363623835353934393764356361383733376230656232306164626239393736333562393235
37636236636336353134396431626333633735376337613336613530373938633565313736343231
62353532366266636132313837646333303530653239643161336133316262643434303037343666
39633533343761316632303237366639643336306665656635373064623634633464303264623762
38376139313236363265313764306638343737353262663631616335303064333238363531323630
65646365376437373432343931633737623264306634393538633438343038323730363662373264
32636335356163333634633462613230323230643632393238366561346334323132306533316366
31313837396532306637376637613737383334643534336233333539393666623038343361326165
34626636306165353733306136613934616639346561613431616531636664316466626664613232
37306538303131373839636263353834316530626161373661366163356532616637343438663966
61643161313236643763633738393336373562363263383366643163306564333863386334376630
66396136373138653863316163373636643833376539663330626364633265616164316362666136
61666165303137373736653336643564623830303561613737623731316633356361353937393039
64326332653533326363343332646661643530373833356664366435313061646162313263323662
62633336363830653365646136613865343938303163646466333530656638363334613534656662
65363931336432636232356638393963373866666338633833313531363332613765666463313263
35616563336238353838323532303266613365343331343036333734383934316235656362393938
61623235653532303130
