$ANSIBLE_VAULT;1.1;AES256
61633735373637336132653239653563653164313539393238626132656362333535636236343966
3535313131303065616233376237616164333364383036320a353966356365623932666364656435
31333231643638616631386532303536316238326232306563616238306531303632363238373734
6565353661383035380a313264303962323039353330663332663132373530633062306537646437
32383630386332343435363535633233383934363163326662613237616361636139656234643830
31336265363139343861316562643662653532376239396130626433303666323534363436323964
37333238626161636630343538363461656262346536323037336439383739636562623039666663
66646665313462343136396163326265623838663831363761343362363538316339646631623833
39646166633862346664616164613263613363346163353263306334333837303731656265613631
35643361383364373030383832306361616239613463373262666630313633643461626362613133
37653536393663626264656636356337303035656662366665363662343866393463646165326233
36346632323033366263643639346466636130323236383336373162336637626630356566393732
37313233376434646632653064313836366239373935326465303230623262643530356662626638
39303839663266663731643333303931346430646561666666336331623234313766636637336164
34313735626532663538636530613564626661386564636366653462613766333262373332366336
39626563393737363766326532646365646134383062383365333964353666303436613335643266
30386338363063393663656537633136323532656632653966666130313365326232623361386564
38353566383562623265623335376162363562653565613130333363623333623736646532373434
37666462376435366662643531663661323434386465623131366562616436373031373836656662
31303037366439366335633032653034623766396266613135326439363537346665393863656563
39633865393338653332333432666230626231623236333239393537653866336234363237376137
33346537623138363866303730366531633239626330303463393032383235396332363864653635
63663762346433313164316136346538326333373439366230653930643132336338393536326539
66623435346163646237396364373231646139326564363361666531303764396363343463373265
30366530393537356463326430366137643963636161336231666466313736376164376666373465
36653036313762623635626132656532646562656364643137393131373832316634396564333830
63373531323931633765633335623830326532636439653862346462343065353864656635663433
38333863346534313664396465393436333336323165663466633939363132303337653436343964
38336466663438353665623432616333303765306531383264613935663034633134636363303935
39316637646430393834363961623038323863643864363261633963626533323237363830353263
33653461643437343634316237333466373230393337356663393139306364333066306130393666
36343737353730633239333231363233313463323033663139343864303637633830323834346433
61613435613937336531353665313532303165666362393663616131626464303161353134623033
62323438663262613266336432656535626236393165663035663934393762313965623530396430
62303636373739343739666133663931383166616534313634353736393461616266336362626335
33646162363638643363663937626436646439363665646634303630616437393063663230643763
61613566633238343234623438393966356232613230373233383165616561376635356633623830
65306538303066653935346266393334633566376664633037336661373034363862316239653164
38303832333036383936393539346530343333636365306438396234663039613663616234343238
63636565343764326237633036623733353135373333346265313766623861373530373634303534
31343066653666323531643430613861306639643235613832326431373363343235646336663364
36613665656665653666343561333162343933326265396637346362333237363762646234383965
36353762326435363534333465353637653661303966323630663231623639346430323762306536
61323234623164666336356537633235663466623139623734633130383632376164643763333136
35613832653136323531666332303435653335333736393731393162396539363633336634643731
33643230393435366264383938343866396637643662326138393231336266666262623662616165
38313234353130353032383666656136323965623337306661326562346530663833346264653364
33356533313330643731666435303231336239356266316664353135366662353733623939323530
39613935313064643364386131306535323561393835626430313432336233653038643761646464
66383363323730396565313730313532386434356337353461366432346464616238663566626666
35626163343833356161336632646633336430316130653664653139356437636466333330386337
36393132323166663336613036303332613965323430636166626565383166333665633565306566
33646131393138633630323461303966323566383666663166323166356539643531626332343130
32386334376565326662383536343764643438646561373537353461323630343164343835353135
37346138393366346138386636333466333335343865343166333736316534623638303032316261
66376332376365616137393731376562663961313833363362356230616439663261303838666439
36373466313537633236393966333332653664356636343439353435356137303833323261306466
66383131303238623034666333623461303438343561346464323431333838386465316237623030
32333135356436353237363562663263303739363038336464386235363763613330353937313131
36613938616631373933313537306361653261343265393464373834616262643433303965623331
33663535303134313938363436353365626565323332303839373361653637373764653330653834
66363533613535376631353634623034313063633263626166373065363965643330336539346535
38653139366261323035356334356533323633393535663038303632383661353439613039623037
63306334313363376461333337636266656438633962316132333134656337653661656139613561
38343661343565633937306664613662613632663130313333386433653832346330623434303830
39393532373730373639613661663361363064613032373837323861353164303837653562636663
37393939353263633338623165373338653837643766333364356130316136646336396134313661
34323536323138383662343039313165653931366339653261636161326261333931343965353034
64643739353338303665313133353338373139353538396564353536613464383035353964356665
37643935653964303935326439643061613035636363616338303930356539306163613164373363
36393737336635373031376366653835636466613838326264613262303562303066343462623765
64343639383735656465383234393237633961353538633832366539346238626130626237616638
66393030366564373432313933636266656238643834313339316361633064323835346433393838
64383335326236396366303434386664626138633462373136663839663834326236663432646364
38353664626663636466323863656537303361333839376636363664396531326239343764316363
66323439386264316430363834356563626264643863626339373836306530303739393063653362
30613334366566663932616435333932383863306133363936333735326638303664353432343865
37353937613663303761306434373836376633313130636363646162356164333230383266313630
61343932663831623965333563386561363832616161633638663031633833343461386632316365
35646330353661303433346265323330316461373239393765366237653535373134356162653433
63646635346136303761316261343333633938613661303162396263376131376631633934323139
31376163343439653437616232386463633932623161373766303538363661323532646138616363
38323165386663353534643932326438303731386430373736353835356636313939653438626237
37393135313130653438613239343232346663656234333763343136323937383334643839356639
35623639646362626362353963353066383632626635636237653265646637646563363634343733
66643133306661376563336634616630613037366535336466376361303264356539636165613761
31333561363432613433656631363264323061623635623735326666313161656662376433666235
62613863396139343839326230343663343637613838356562633239396262326563353561636163
62343335343063393439373432323535373639333033633539343564626637376265356536376363
66343137653365393135353033336236643532326663626339646361373465336635366466343837
626133363331633338373537333235366633
