$ANSIBLE_VAULT;1.1;AES256
36613062313437323134656133343363643862393638663030643763643561363539336663646666
3533653466316362323832353763653430343338653861370a633036656538613134326261636233
32373032323065666165393336353230353935646135613238376333346335616133316531343064
6436616636343566300a353566653363386134326461306234376364366362363063613930373430
37386266353437366639323162336237313938323436376435613538653264303837616665663131
31386337343961616265386264313261323866623539346334306438653362633439393061633934
65366431636166363037386533303063353739373331353837383464616635303464313164663030
35306466303130333634343033366238346531613565393563346661346163613537336135346633
65356235663538666165313962636439393336323635613162326165313535656563373335666236
62383932353938653930376364646632366237366364616331373363333039386130353830623539
35386137663665616563623135306531383238336562613262636164363237303439313461613737
37626565386537626539373163373163303033626338356339633562396239663430303964656461
66613864623739306430313336636634313936316133386464396563373461646539343063303833
36653563366530343539626439313835366539353130393435323032343861306231386338356566
31306266393937323162646363363931323839303866663831663866386437316537313835643436
64366130383634343933363566626436633661633435643063376565316364373566376130636336
39316465653864303238343266633734613665636662633732376363343465663634303138656332
65313139343333646334363630373830663561626632303139366562313038656435616462343332
66363861396537393339383466346235313832393838626239373539373532323531626638353064
31643662376330323563323364646561643332326532373362663365663533363934353836613038
64373132373634343735623934373338323762333362363836343037326639316465313732653361
36353735323438623738373762653963653939353637343531366364633330383432633331633964
37336663363933653637363930393237383230616635353838663962353562363332626332346364
32363333356438333036633233373966393337336631346632356630303632623330643330663335
65666132353632383136623330653333313034303230656335333166633434653139343562373839
62393563623362383831623338376435316634396138336537366662343162633938656462356438
65333139323464613334373662393338346630623739626330666633653932313037353430663166
65363661373131653139636564383835373461313436323331646438363032373931363964353862
32383130356131303462323165636630663438343238353834626665363866383037373831383637
36376231373031613330633335363630383964363832393438636566663865373532623864626563
64613135376266626463303331313261393837303434633734653636366161316132326337393731
62353938666437653335663637393835306661363933633039376136343631643166306664323435
65646361333139626366653434313765623135666538353334343737323730643835396534613761
38656565313636396535643965666362346262353733636663666438393938663131346330636338
37336463353932623232653162316233396537353665303136623564666134306134386634366135
30323663363633666361393039363630323530656663356531636330373130353331383238623663
61336461393063356265383264666436653032303862623237306263663238623566306339613464
64313266633832306435613033373761613061313534663233623735356664363338633961613961
63303139393962666132306130393464313830653134613037393938363533323732393561343563
61633435353033313830356133633836373637356630353633613039323635613037626637323861
32643536653865313031333236373233656363376439393238373963636435373339353536386135
31663338616464636363303662663063636634623865633432663364336363356531636537336439
64306538633366353236613430616530393962353533313935306266383062336237356635383562
66666237373965373734313531653034306132623937666533643431653863623563343966613165
63643866663665613261393633373261363634653934663435366139643137623437333831323032
37376634613835383137636565623530633133393066373132323238396261633533366535373239
39383361366462373961386233306131366233336532636563633664373962663461643339626234
38346538653939626636623465306435363462383637346563343132623930303637373565333036
65383431393265396632386539303861356237356464363361626632353938646366353436323038
31393239326634616265633537626234333162653932663034323762383139386136623438333139
61386463336339336664333564383931373762313563346238373139663933363166633435646637
65393061653362396139373030393962373866333864386135666130376635643235643032333538
37336338393030633463386361346362336664343466313565386132663533313566303131643432
34613032616430316564353133393464393833653465346432653530353438336238373863623539
33336561326566323430633366396432393565653466623633383134346364646630386435303063
38383361386264626361363636646234313632366532363736346430363032643462363166303037
63636533323161346436633336333164636536346134306639326465626563333239666164646166
36373736333166663632653836646365656135343333366634303566373635646331336136353332
37663436303966663234623966306565343332643732616234646433653635353061633433303939
36656639663431336433383764656163663131333239623864313130393730383164633233306235
33316466373136363332656635396361333033623938363234663066346430353932393763326466
34346233626265633034393738613339396536326663646638616562343830386333323437356537
30373666393335323338363464613538633064316632616665353331343166663238373938396237
37396332383033623763653361396430326438303330323430643864376539616362353433623261
39383034653833653565373361356337353737303434313437656337336466363139633430393464
35303238623035386666613734356534346232666166336232306437656637386134393034346437
64386634373838643563663561633266366134373336336638613136653439363333373463316533
31376461613235343835343333386631663261623334643764303032663236363064643431373063
63353364383530313361373337623066326265356139376438666434323230316263623761646636
31346363613637653066636530393438346363613664386362353331396562373364613933613461
33663561323534393565343531316530613466366238616530366432396135336436353539313239
39353334636634373265656534383966393331623536323730376163366137383633343932613230
33333765613232333132336538386161333262336631613239386463616133366436396335366636
63313063366433343439366430656237613836346663346361656564643230323831663432633639
31663135623663376537343665656238613137623237633134616663333035336531323737643031
31653730376431373434386533366338663361363366343636356665346666313966366337663135
64356364643232623737316536303462376232643936666435636136326366663834313334313263
64363062336165616566353665663361636130376538313638386130323030383065393831336434
336330646534363065326465383535333361
